Address:   30.7.86.0             00011110.00000111.01010110 .00000000
Netmask:   255.255.255.0 = 24    11111111.11111111.11111111 .00000000
Wildcard:  0.0.0.255             00000000.00000000.00000000 .11111111
=>
Network:   30.7.86.0/24          00011110.00000111.01010110 .00000000 (Class A)
Broadcast: 30.7.86.255           00011110.00000111.01010110 .11111111
HostMin:   30.7.86.1             00011110.00000111.01010110 .00000001
HostMax:   30.7.86.254           00011110.00000111.01010110 .11111110
Hosts/Net: 254                   


Subnets

Netmask:   255.255.255.192 = 26  11111111.11111111.11111111.11 000000
Wildcard:  0.0.0.63              00000000.00000000.00000000.00 111111

Network:   30.7.86.0/26          00011110.00000111.01010110.00 000000 (Class A)
Broadcast: 30.7.86.63            00011110.00000111.01010110.00 111111
HostMin:   30.7.86.1             00011110.00000111.01010110.00 000001
HostMax:   30.7.86.62            00011110.00000111.01010110.00 111110
Hosts/Net: 62                    


Network:   30.7.86.64/26         00011110.00000111.01010110.01 000000 (Class A)
Broadcast: 30.7.86.127           00011110.00000111.01010110.01 111111
HostMin:   30.7.86.65            00011110.00000111.01010110.01 000001
HostMax:   30.7.86.126           00011110.00000111.01010110.01 111110
Hosts/Net: 62                    


Network:   30.7.86.128/26        00011110.00000111.01010110.10 000000 (Class A)
Broadcast: 30.7.86.191           00011110.00000111.01010110.10 111111
HostMin:   30.7.86.129           00011110.00000111.01010110.10 000001
HostMax:   30.7.86.190           00011110.00000111.01010110.10 111110
Hosts/Net: 62                    


Network:   30.7.86.192/26        00011110.00000111.01010110.11 000000 (Class A)
Broadcast: 30.7.86.255           00011110.00000111.01010110.11 111111
HostMin:   30.7.86.193           00011110.00000111.01010110.11 000001
HostMax:   30.7.86.254           00011110.00000111.01010110.11 111110
Hosts/Net: 62                    



Subnets:   4 
Hosts:     248